66
4
51
70
92
38
46
79
5
84
99
96
99
45
10
73
94
70
7
54
18
87
72
27
7
44
35
10
55
7
71
36
34
86
96
67
37
21
38
97
64
53
97
35
62
78
27
93
55
15
87
82
33
29
43
36
36
83
50
14
47
49
99
14
93
19
18
14
82
42
40
34
12
82
19
29
85
47
15
70
37
82
88
62
53
42
50
11
83
45
67
83
86
57
73
11
66
53
82
19
2
73
12
73
14
73
35
70
64
43
51
24
63
15
24
62
50
60
13
41
63
9
32
97
87
78
83
8
22
98
96
39
77
27
19
20
93
40
38
50
27
94
30
29
10
9
92
58
36
23
72
66
36
37
45
5
81
61
3
53
45
63
15
69
83
35
36
3
6
33
51
34
78
17
36
39
73
78
92
30
86
2
40
78
51
7
88
37
22
5
25
33
86
0
84
45
79
25
27
84
56
74
76
92
74
59
26
14
89
25
20
67
30
53
92
32
4
36
31
47
85
58
51
45
86
70
44
71
75
14
53
21
12
36
71
94
13
77
59
75
69
77
16
43
91
93
72
96
98
52
11
17
58
85
35
12
48
42
56
19
26
54
53
2
57
91
13
43
24
66
15
70
22
28
71
32
37
85
4
52
78
31
68
77
25
70
57
24
92
43
83
53
88
92
19
88
17
31
41
67
8
35
38
11
51
24
14
45
44
21
17
2
15
1
98
82
81
39
11
15
27
40
4
18
93
44
76
67
60
68
73
70
19
43
17
77
81
86
37
78
64
2
6
59
13
10
48
73
40
75
23
13
77
85
82
44
9
30
14
71
15
62
63
73
78
26
51
45
80
50
7
55
97
59
36
10
62
98
7
80
33
43
36
91
85
37
98
49
96
55
31
3
9
17
92
62
94
21
8
27
75
53
70
49
75
37
69
60
11
1
67
5
48
25
74
9
96
98
16
24
62
71
67
24
55
16
28
99
25
3
52
74
98
88
84
86
58
59
71
33
63
94
20
66
45
40
14
83
69
66
7
29
16
77
96
66
73
21
79
66
77
64
16
63
14
18
50
44
30
54
62
64
51
23
57
61
36
41
99
96
61
23
24
25
44
13
80
36
18
50
72
81
44
77
59
41
15
34
76
18
56
21
44
59
62
82
40
81
25
51
53
21
71
67
80
2
79
15
66
95
19
88
64
4
72
54
1
33
12
20
73
80
2
44
95
83
94
60
55
63
64
7
88
45
48
91
5
14
53
36
35
46
87
16
39
45
55
97
51
35
93
99
54
78
5
12
82
67
31
49
11
25
26
16
65
53
44
63
91
99
10
76
65
91
6
68
29
89
43
88
60
3
24
9
99
0
53
24
29
85
46
78
83
60
81
42
91
17
30
31
0
7
3
66
90
23
46
61
70
5
3
23
72
32
6
48
80
47
35
4
5
77
82
33
49
1
6
82
31
81
46
3
98
1
90
26
9
77
80
15
37
68
66
33
47
79
58
78
61
9
21
9
37
25
84
22
23
27
41
63
39
24
57
39
22
90
32
9
11
43
23
26
71
81
2
62
18
39
61
81
81
64
36
27
77
99
52
83
82
26
70
14
25
3
79
18
60
68
26
46
35
22
76
86
24
7
78
7
48
97
10
74
90
15
65
40
41
7
93
67
30
26
58
34
24
69
71
70
23
45
38
45
49
89
18
66
40
35
14
35
54
85
70
33
14
58
70
19
58
95
51
66
14
43
63
63
57
79
97
37
25
23
85
15
29
61
3
36
18
66
62
7
74
78
88
26
49
86
33
29
99
20
72
83
84
82
46
62
94
25
58
89
92
60
60
39
84
26
79
90
15
97
17
78
22
85
54
97
69
25
32
16
96
61
13
92
86
65
72
46
61
54
30
20
13
11
45
6
45
96
63
30
55
6
33
8
65
86
20
53
36
61
41
64
62
48
84
67
17
26
87
12
54
3
88
19
44
68
86
63
92
10
38
42
10
35
5
86
0
48
87
36
75
32
82
23
40
18
73
85
60
56
52
43
23
40
21
94
92
52
50
71
58
1
21
71
64
87
29
27
53
9
63
61
82
84
97
72
94
87
51
78
9
83
4
31
46
4
96
29
42
37
24
73
5
80
20
13
4
10
89
40
22
26
71
91
57
76
48
28
8
54
91
54
10
43
9
49
98
64
62
8
30
37
82
21
91
32
46
32
59
53
25
92
42
42
71
64
91
53
65
9
99
36
28
89
20
1
9
84
24
12
38
59
72
35
70
16
52
13
